   943.00467011131366        109.95790798010238        102.77995382865080        1149.8998984602297        2097.5501329930821        9078.3833849072744     
   109.95790798010238        13.544714978454778        12.294797256735464        136.72968575514554        250.91423629146988        994.06004928063976     
   102.77995382865080        12.294797256735464        11.336585163934476        126.46524910622999        231.35888694736443        962.97742154905029     
   1149.8998984602297        136.72968575514554        126.46524910622999        1413.7498538858454        2580.9235186465944        10830.578201463366     
   2097.5501329930821        250.91423629146988        231.35888694736443        2580.9235186465944        4721.6100611858592        19652.600953752160     
   9078.3833849072744        994.06004928063976        962.97742154905029        10830.578201463366        19652.600953752160        94781.755296465286     
