   1117.9701603639160        139.69148195589389        126.94139971511170        1393.6647297049533        2590.6408782656658        10348.457449220692     
   139.69148195589389        18.689045144541666        16.454923389984152        178.75596162552674        335.81477184348432        1208.0896106861683     
   126.94139971511170        16.454923389984152        14.705815478111340        160.47263797322216        300.11869107578366        1137.0814017009825     
   1393.6647297049533        178.75596162552674        160.47263797322216        1757.5957897044157        3274.9518810218888        12579.196522185775     
   2590.6408782656658        335.81477184348432        300.11869107578366        3274.9518810218888        6124.8714066286830        23205.743498757944     
   10348.457449220692        1208.0896106861683        1137.0814017009825        12579.196522185775        23205.743498757944        103447.29205975770     
