   428.66488721190973        52.198099553957682        47.739560731087053        525.04824466944399        974.27677509433897        3990.6461197896701     
   52.198099553957682        6.6461647652703260        5.9401470963542415        65.076955636110426        121.22749493280122        461.82986657072627     
   47.739560731087053        5.9401470963542415        5.3726650916415890        58.973276006085420        109.64622922761667        434.26169326606617     
   525.04824466944399        65.076955636110426        58.973276006085420        648.63960021247397        1203.5362764983058        4791.4167621006072     
   974.27677509433897        121.22749493280122        109.64622922761667        1203.5362764983058        2237.6782060245100        8862.4837678232216     
   3990.6461197896701        461.82986657072627        434.26169326606617        4791.4167621006072        8862.4837678232216        39629.229703771991     
