   1187.2847606093692        166.42882901114598        144.76031471750508        1528.3967181198361        2954.2922143557171        10216.879638448559     
   166.42882901114598        24.849262062932180        21.098571652886399        220.41195892963631        430.58310621793044        1350.9796637115542     
   144.76031471750508        21.098571652886399        18.088459771684132        189.63647609642572        369.15224989291198        1205.8788449419094     
   1528.3967181198361        220.41195892963631        189.63647609642572        1997.5575938738446        3870.1322664489735        12820.422076128063     
   2954.2922143557171        430.58310621793044        369.15224989291198        3870.1322664489735        7533.7195825994413        24609.772989374083     
   10216.879638448559        1350.9796637115542        1205.8788449419094        12820.422076128063        24609.772989374083        93698.635986280904     
