   1274.5213413883444        125.30532873590202        128.81753100379527        1499.0627940214736        2628.9292729136278        14130.711787393222     
   125.30532873590202        13.252548080882724        13.032989742837250        150.43038672480355        265.97938946305715        1277.3582512087871     
   128.81753100379527        13.032989742837250        13.166786344317236        152.71605658322633        268.70993242181584        1386.2803974390599     
   1499.0627940214736        150.43038672480355        152.71605658322633        1774.6019807351370        3116.6542974942531        16249.842654513821     
   2628.9292729136278        265.97938946305715        268.70993242181584        3116.6542974942531        5483.8763152939309        28291.437422337411     
   14130.711787393222        1277.3582512087871        1386.2803974390599        16249.842654513821        28291.437422337411        174839.56265341127     
