   940.37852077164678        102.36215828678991        99.232583225282141        1130.2238616533639        2025.1548126636276        9566.4071112206075     
   102.36215828678991        11.869420438918837        11.103519361995415        125.55035239302278        226.60244188543703        968.61861026328359     
   99.232583225282141        11.103519361995415        10.598124216028097        120.31328555247075        216.28825496329523        980.73442474814783     
   1130.2238616533639        125.55035239302278        120.31328555247075        1368.6233493137886        2455.3732387557388        11241.778881020922     
   2025.1548126636276        226.60244188543703        216.28825496329523        2455.3732387557388        4414.0461350998930        20014.988783619454     
   9566.4071112206075        968.61861026328359        980.73442474814783        11241.778881020922        20014.988783619454        106888.52499686139     
