   1082.8479536783022        119.11942140347233        115.01475015595074        1306.5271282464712        2347.2398604885370        10963.869858262105     
   119.11942140347233        14.064620072242498        13.067426077640116        147.05935662204760        266.68217182435268        1118.9436003776241     
   115.01475015595074        13.067426077640116        12.399012067712512        140.21567090114834        253.04106922417569        1129.0945562319075     
   1306.5271282464712        147.05935662204760        140.21567090114834        1589.7890624303523        2861.5443789432056        12920.338763528085     
   2347.2398604885370        266.68217182435268        253.04106922417569        2861.5443789432056        5164.1035886117079        23042.746648187429     
   10963.869858262105        1118.9436003776241        1129.0945562319075        12920.338763528085        23042.746648187429        121073.64035467783     
