   1255.4041680738592        128.63125198903299        129.03405908123244        1489.4881184919072        2633.3482133850575        13428.540573204691     
   128.63125198903299        14.121760682632102        13.600436044923249        155.76919800462250        277.55992654318896        1271.0879856688591     
   129.03405908123244        13.600436044923249        13.417037588895759        154.36395651031160        273.81710081208848        1340.0957936135621     
   1489.4881184919072        155.76919800462250        154.36395651031160        1779.3930981111023        3150.2849091306380        15576.710847308766     
   2633.3482133850575        277.55992654318896        273.81710081208848        3150.2849091306380        5588.1042443519045        27348.894462472788     
   13428.540573204691        1271.0879856688591        1340.0957936135621        15576.710847308766        27348.894462472788        159254.32860747163     
