   1002.0145230630203        112.82445331337088        107.73385592569763        1216.3345959188366        2198.6501784340312        9999.2906538997377     
   112.82445331337088        13.679479289076985        12.566799694564137        140.38035630769792        256.46530659641616        1043.7003514011517     
   107.73385592569763        12.566799694564137        11.782758216340342        132.31212211753044        240.46445968358188        1040.8559794057132     
   1216.3345959188366        140.38035630769792        132.31212211753044        1490.3799227206807        2700.2474607734116        11844.944836981658     
   2198.6501784340312        256.46530659641616        240.46445968358188        2700.2474607734116        4907.4380810706762        21241.959318924102     
   9999.2906538997377        1043.7003514011517        1040.8559794057132        11844.944836981658        21241.959318924102        108789.67168655728     
