 === combined ===
 Vsur =   6736025825.1325331       h^-3 Mpc^3
 N(z)=   2371887.0861247284     
 *** Error on w, with  Om0, ob0, ok0 and  H0 marginalized over ***
 The Fisher Matrix = [   0.0000000       0.0000000       0.0000000       0.0000000       0.0000000       0.0000000       0.0000000     ;   0.0000000       476.97571812163477        39.989037966568723        45.504313599947295        544.71557694761293        928.65948551069982        6068.1100299602513      ;   0.0000000       39.989037966568723        3.6479651995302644        3.9227676131136593        46.558050458875094        80.056483994000644        461.08741978484784      ;   0.0000000       45.504313599947295        3.9227676131136593        4.3809649679755367        52.291628822392795        89.407450664309636        562.42092171693730      ;   0.0000000       544.71557694761293        46.558050458875094        52.291628822392795        625.10526807246333        1067.1761263260992        6784.2622195159647      ;   0.0000000       928.65948551069982        80.056483994000644        89.407450664309636        1067.1761263260992        1824.6418980119993        11477.978294407447      ;   0.0000000       6068.1100299602513        461.08741978484784        562.42092171693730        6784.2622195159647        11477.978294407447        88092.399069232430      ]
 Figure of Merit  =  2.76718318322620553E-002
            Err[w] =  4.12003
           Err[wa] = 28.24251
         Err[wa_w] =110.60604
      Err[ Omega_m]=      NaN
 Err[ Omega_b]=  1.28225379527342341E-003
     Err[Omega_m_w]=-22.71037
       Err[Omega_k]=      NaN
     Err[Omega_k_w]=175.89258
          Err[H_0] =  1.70368
