   1126.5527444883228        146.01228966005911        130.87179933462428        1419.8272914440861        2670.8531174963714        10213.389218511633     
   146.01228966005911        20.326096733444249        17.667700831723806        189.36598235827128        360.56533252629038        1236.8912897278105     
   130.87179933462428        17.667700831723806        15.567788016557511        167.64268258461340        317.70996783066914        1146.2088593671842     
   1419.8272914440861        189.36598235827128        167.64268258461340        1813.3786372090353        3421.2793258975994        12538.515920876052     
   2670.8531174963714        360.56533252629038        317.70996783066914        3421.2793258975994        6483.8770640766679        23392.018149878619     
   10213.389218511633        1236.8912897278105        1146.2088593671842        12538.515920876052        23392.018149878619        99807.124357231689     
