   982.27854792259484        141.30114105764849        121.90869404559970        1273.3486329671878        2487.9325966098977        8326.0096549087211     
   141.30114105764849        21.610993477999354        18.236589505434218        188.51661641045661        372.17530576279228        1133.3932566040096     
   121.90869404559970        18.236589505434218        15.520572238185300        160.95536791200774        316.74638049174985        1000.9945412545230     
   1273.3486329671878        188.51661641045661        160.95536791200774        1677.5449191924508        3284.8035126833256        10523.588123031172     
   2487.9325966098977        372.17530576279228        316.74638049174985        3284.8035126833256        6464.2120158293201        20428.460559869232     
   8326.0096549087211        1133.3932566040096        1000.9945412545230        10523.588123031172        20428.460559869232        74882.025270831422     
