   821.13802605347462        97.995030138747822        90.529768225892099        1004.9644486519984        1847.5463386433159        7764.4540864178589     
   97.995030138747822        12.301784679543809        11.066998932486255        122.21870928203566        225.85712697800270        874.41730163191710     
   90.529768225892099        11.066998932486255        10.095902887093221        111.78699654577888        206.03883981901970        834.29827152755934     
   1004.9644486519984        122.21870928203566        111.78699654577888        1240.3489458611982        2281.3673361092001        9303.1044463932431     
   1847.5463386433159        225.85712697800270        206.03883981901970        2281.3673361092001        4204.8743919911358        17026.495782592068     
   7764.4540864178589        874.41730163191710        834.29827152755934        9303.1044463932431        17026.495782592068        79083.194890131563     
