   94.137815486190647        11.588631256892464        10.543116345403227        115.04073469764589        215.16564532934638        869.90457635209270     
   11.588631256892464        1.4846294662973065        1.3234451174475019        14.400493769665244        27.009084735911028        102.36698704599220     
   10.543116345403227        1.3234451174475019        1.1921300063713791        12.989208023361211        24.329184439780118        95.416580432106329     
   115.04073469764589        14.400493769665244        12.989208023361211        141.81135557407327        265.08588496058644        1043.3206529925305     
   215.16564532934638        27.009084735911028        24.329184439780118        265.08588496058644        496.51398114413706        1947.2772026028938     
   869.90457635209270        102.36698704599220        95.416580432106329        1043.3206529925305        1947.2772026028938        8505.7057063714219     
