   1250.3387046658977        120.07759027173208        125.27468087736017        1463.6227744659368        2556.6262072178838        14105.751129351011     
   120.07759027173208        12.456713443884826        12.399083067442886        143.56993747666957        253.04251819830284        1247.2747324719714     
   125.27468087736017        12.399083067442886        12.700458608293403        147.84272115573813        259.19303960100501        1372.8189273374524     
   1463.6227744659368        143.56993747666957        147.84272115573813        1724.4463716900482        3017.1984698423989        16152.999665486368     
   2556.6262072178838        253.04251819830284        259.19303960100501        3017.1984698423989        5289.6540077488962        28016.713535527892     
   14105.751129351011        1247.2747324719714        1372.8189273374524        16152.999665486368        28016.713535527892        174855.72954999591     
