   1147.5069616588341        121.75590001560499        119.72933921264594        1372.1020081212664        2443.4559662027432        11924.938799817530     
   121.75590001560499        13.806277653969660        13.067530127567576        148.60668509453524        266.68429529231560        1172.3822672500726     
   119.72933921264594        13.067530127567576        12.643146782730195        144.40128624154380        258.02341047728902        1208.0125765238486     
   1372.1020081212664        148.60668509453524        144.40128624154380        1652.5840889595167        2946.9651024097789        13938.463822877198     
   2443.4559662027432        266.68429529231560        258.02341047728902        2946.9651024097789        5265.7840250079698        24653.318533001493     
   11924.938799817530        1172.3822672500726        1208.0125765238486        13938.463822877198        24653.318533001493        136861.34952627035     
