   899.46575405271483        99.028603702990992        95.420470568907035        1083.9155392895907        1947.3565931519233        9072.8709201400143     
   99.028603702990992        11.610353490700534        10.801155730330404        121.80305851602940        220.43175536354426        929.62634267168391     
   95.420470568907035        10.801155730330404        10.247612584312296        116.01872516175661        209.13495616976965        934.92168655788134     
   1083.9155392895907        121.80305851602940        116.01872516175661        1316.2587715585196        2367.7291468571671        10688.467428265883     
   1947.3565931519233        220.43175536354426        209.13495616976965        2367.7291468571671        4268.0604416181332        19080.034918549867     
   9072.8709201400143        929.62634267168391        934.92168655788134        10688.467428265883        19080.034918549867        100427.91050014930     
