   1225.6987913057631        130.18561532146401        128.11702737915340        1467.3310569641997        2614.6332802001129        12759.513190188032     
   130.18561532146401        14.878898560858763        14.051392354597015        159.42327605183431        286.76311677722265        1253.2001890791785     
   128.11702737915340        14.051392354597015        13.581954909418130        154.88342704920322        277.18276050260818        1293.0898272206637     
   1467.3310569641997        159.42327605183431        154.88342704920322        1770.5546730818373        3160.8863489771147        14920.934386951862     
   2614.6332802001129        286.76311677722265        277.18276050260818        3160.8863489771147        5656.7911786078621        26389.589000794251     
   12759.513190188032        1253.2001890791785        1293.0898272206637        14920.934386951862        26389.589000794251        145394.86675834519     
