   1183.3873468968450        127.66939283352379        124.56103861678051        1421.6868993376881        2542.0620790700559        12164.272948277716     
   127.66939283352379        14.801476187644546        13.875801730002625        156.90003649141221        283.17963454892413        1215.2549359362474     
   124.56103861678051        13.875801730002625        13.300575941040144        151.14528113519981        271.44033242634475        1241.4218876226737     
   1421.6868993376881        156.90003649141221        151.14528113519981        1721.8834629633106        3084.5976548594144        14274.461313739050     
   2542.0620790700559        283.17963454892413        271.44033242634475        3084.5976548594144        5539.5987658232607        25335.141226319462     
   12164.272948277716        1215.2549359362474        1241.4218876226737        14274.461313739050        25335.141226319462        136685.69886243794     
