CL-II.fisher 8
Category
Subcategory
Description
w_0 -1
w_a 0
Omega_Q 0.7222
Omega_k 0
omega_m 0.146
omega_b 0.024
n_s 1
lnP 0
      411.95374      114.04807      1241.3122     -4134.9437      3128.6531      -7800.507     -186.07841     -129.27093
      114.04807      31.843934      332.10648     -1122.9065      751.27663     -1904.6426     -56.893479     -41.470386
      1241.3122      332.10648      4342.0028     -13804.786      15985.252     -38124.055     -274.81759     -89.061202
     -4134.9437     -1122.9065     -13804.786      45239.217      -49440.64      118665.28      1118.9734      525.03229
      3128.6531      751.27663      15985.252      -49440.64      114851.99      -259032.7      2494.5565      2932.7537
      -7800.507     -1904.6426     -38124.055      118665.28      -259032.7      681715.28     -6614.2145      -6329.953
     -186.07841     -56.893479     -274.81759      1118.9734      2494.5565     -6614.2145      320.45769      227.38567
     -129.27093     -41.470386     -89.061202      525.03229      2932.7537      -6329.953      227.38567      219.11768
