CL-IVS-o.fisher 8
Category
Subcategory
Description
w_0 -1
w_a 0
Omega_Q 0.7222
Omega_k 0
omega_m 0.146
omega_b 0.024
n_s 1
lnP 0
      15330.643      4915.9127      12414.571      58259.986     -306669.69      654559.33     -17749.192     -24428.877
      4915.9127      1598.0953      3303.5241      18582.081     -102077.85      217943.43     -5879.0797     -8109.9142
      12414.571      3303.5241      33571.263       46611.99     -125863.75      265323.91     -8593.2436      -11113.28
      58259.986      18582.081       46611.99      309052.48     -1296950.2      2786137.9     -70127.533     -97174.217
     -306669.69     -102077.85     -125863.75     -1296950.2      7068561.7      -15125859      395761.04      548744.95
      654559.33      217943.43      265323.91      2786137.9      -15125859       32466552     -847402.59     -1173260.8
     -17749.192     -5879.0797     -8593.2436     -70127.533      395761.04     -847402.59      22548.387      31098.645
     -24428.877     -8109.9142      -11113.28     -97174.217      548744.95     -1173260.8      31098.645      43060.565
