Planck 8
Auxiliary
none
Planck simulated data
w_0 -1
w_a 0
Omega_Q 0.7222
Omega_k 0
omega_m 0.146
omega_b 0.024
n_s 1
lnP 0
      325664.67      87628.607      1146038.2     -3765977.9      4894738.9      -11591054     -47596.514     -366.12726
      87628.607      23578.771      308371.59       -1013335      1317057.7     -3118876.6     -12807.088     -98.516127
      1146038.2      308371.59      4032993.9      -13252757       17224951      -40789783     -167495.68     -1288.4291
     -3765977.9       -1013335      -13252757       43549671      -56602634  1.3403865e+08      550404.87      4233.8863
      4894738.9      1317057.7       17224951      -56602634       74614642 -1.7268648e+08     -623347.96     -14326.522
      -11591054     -3118876.6      -40789783  1.3403865e+08 -1.7268648e+08  4.9641832e+08      76919.716     -5650.0294
     -47596.514     -12807.088     -167495.68      550404.87     -623347.96      76919.716      78384.214     -855.71062
     -366.12726     -98.516127     -1288.4291      4233.8863     -14326.522     -5650.0294     -855.71062      3225.5062
