   551.24016718605606        66.998817800176539        61.332126217758841        675.23636506321861        1251.6760779955421        5138.7853856316024     
   66.998817800176539        8.5201393368365874        7.6192625302883732        83.546580487933156        155.49515774602850        593.14303402262567     
   61.332126217758841        7.6192625302883732        6.8965978238449619        75.773690642128628        140.74689804514475        558.51019526615653     
   675.23636506321861        83.546580487933156        75.773690642128628        834.23169054244227        1546.4018902824987        6169.5234875017159     
   1251.6760779955421        155.49515774602850        140.74689804514475        1546.4018902824987        2872.3857495123812        11398.167548426669     
   5138.7853856316024        593.14303402262567        558.51019526615653        6169.5234875017159        11398.167548426669        51154.701233720414     
