   1312.8758876628565        131.88852893419497        133.93605237980549        1551.7439269195602        2733.3888955641419        14277.518809409623     
   131.88852893419497        14.275072771873424        13.871656882459121        159.28286541167827        283.09504582133428        1323.0853736723279     
   133.93605237980549        13.871656882459121        13.835768555558801        159.68645993297218        282.36263096747894        1413.7739551084533     
   1551.7439269195602        159.28286541167827        159.68645993297218        1846.9612226860120        3258.9074308012573        16498.032493396629     
   2733.3888955641419        283.09504582133428        282.36263096747894        3258.9074308012573        5762.5028235127675        28852.530450672799     
   14277.518809409623        1323.0853736723279        1413.7739551084533        16498.032493396629        28852.530450672799        170430.20312869389     
