   994.45418221832074        115.15467466250458        108.51722328650114        1216.4884021751814        2214.6372678481325        9750.8962203132651     
   115.15467466250458        14.397418655826682        13.053474482745914        144.62788648823579        266.39744539049400        1045.3988270391262     
   108.51722328650114        13.053474482745914        12.070470556777616        134.47795940722889        246.33614025423151        1028.3541758403542     
   1216.4884021751814        144.62788648823579        134.47795940722889        1503.4965829318967        2744.4482229436508        11627.736936576017     
   2214.6372678481325        266.39744539049400        246.33614025423151        2744.4482229436508        5027.2682999321460        20986.820463978809     
   9750.8962203132651        1045.3988270391262        1028.3541758403542        11627.736936576017        20986.820463978809        104280.59186864205     
