   1099.6587368513703        155.76128372101141        134.99279518502223        1419.1045753112139        2754.9550758264645        9400.1262303232161     
   155.76128372101141        23.465627251555144        19.871839723637404        206.77122628436763        405.54776006830207        1258.2523961862985     
   134.99279518502223        19.871839723637404        16.982999285002744        177.30257780387535        346.59183120734951        1117.7066342422006     
   1419.1045753112139        206.77122628436763        177.30257780387535        1859.8536539039305        3618.4200498138807        11827.676755697534     
   2754.9550758264645        405.54776006830207        346.59183120734951        3618.4200498138807        7073.3028626895139        22810.340070890783     
   9400.1262303232161        1258.2523961862985        1117.7066342422006        11827.676755697534        22810.340070890783        85441.710580350627     
