   735.01348899445850        88.803504898599442        81.532770587385002        900.47502224749985        1663.9341371370688        6882.6124247736861     
   88.803504898599442        11.248333474303999        10.077027132048736        110.79628829058751        205.65362031824128        787.78149699603580     
   81.532770587385002        10.077027132048736        9.1436671070238784        100.75919414770173        186.60545604405601        745.11064545414695     
   900.47502224749985        110.79628829058751        100.75919414770173        1112.6073122460373        2056.3101384257734        8260.5414383309908     
   1663.9341371370688        205.65362031824128        186.60545604405601        2056.3101384257734        3808.2747127420316        15206.340100838157     
   6882.6124247736861        787.78149699603580        745.11064545414695        8260.5414383309908        15206.340100838157        69056.140724067125     
