   987.35015073824218        149.37582203794102        127.06575009551163        1299.6105820484127        2593.1786411973408        8138.5369472930061     
   149.37582203794102        23.948285452199048        19.988974056909989        202.43684207213670        407.93825672822055        1170.5145550192956     
   127.06575009551163        19.988974056909989        16.796574090280306        170.56464400704962        342.78723529718576        1015.5412464432662     
   1299.6105820484127        202.43684207213670        170.56464400704962        1741.5713991777363        3480.9111932211595        10448.650848735066     
   2593.1786411973408        407.93825672822055        342.78723529718576        3480.9111932211595        6995.6580461657259        20725.332102097476     
   8138.5369472930061        1170.5145550192956        1015.5412464432662        10448.650848735066        20725.332102097476        70765.700214912154     
