   1211.6314437783990        165.19243674828883        145.17985786241232        1549.3232724718541        2962.8543195777493        10625.888077013718     
   165.19243674828883        24.097639223309265        20.612918485069898        217.42996706495188        420.67181681960761        1359.6418491135751     
   145.17985786241232        20.612918485069898        17.832329764635237        188.88011449185348        363.92510675520839        1230.4561325385482     
   1549.3232724718541        217.42996706495188        188.88011449185348        2010.1482525126123        3854.6963149315566        13234.953726374239     
   2962.8543195777493        420.67181681960761        363.92510675520839        3854.6963149315566        7427.0431892441475        25111.350300382452     
   10625.888077013718        1359.6418491135751        1230.4561325385482        13234.953726374239        25111.350300382452        99929.591138443182     
