   164.15759117659638        26.582717075071287        22.244803989368567        217.40011939134806        453.97560349261710        1305.9008419299191     
   26.582717075071287        4.4940582935818290        3.7161395456886206        36.134063235450611        75.839584548510970        204.21808455715805     
   22.244803989368567        3.7161395456886206        3.0842170622145249        30.019272175290350        62.943206997474199        172.88787495312314     
   217.40011939134806        36.134063235450611        30.019272175290350        293.83646863652478        612.63822368134993        1693.3157015578397     
   453.97560349261710        75.839584548510970        62.943206997474199        612.63822368134993        1284.5552784414615        3528.3240709116317     
   1305.9008419299191        204.21808455715805        172.88787495312314        1693.3157015578397        3528.3240709116317        10751.990535257923     
