   1281.6482182187840        132.90438997271909        132.53956660684031        1525.6159819542370        2704.8891851664371        13589.259823717641     
   132.90438997271909        14.834252496134679        14.181319637647871        161.74673208498652        289.41469405168897        1302.2509132807154     
   132.53956660684031        14.181319637647871        13.891113763094758        159.24291817885185        283.49212502836485        1363.3593928274931     
   1525.6159819542370        161.74673208498652        159.24291817885185        1829.7089547489049        3249.8555580314560        15807.940916269081     
   2704.8891851664371        289.41469405168897        283.49212502836485        3249.8555580314560        5785.5537233173700        27823.661805785960     
   13589.259823717641        1302.2509132807154        1363.3593928274931        15807.940916269081        27823.661805785960        157831.99426747352     
