   1309.2921884464458        133.98312098513978        134.61447417565222        1553.7434528355075        2747.2342386986224        14024.873771569361     
   133.98312098513978        14.757841026857340        14.206160471331497        162.50308404101222        289.92164985440922        1325.7939752140007     
   134.61447417565222        14.206160471331497        14.020462603244153        161.19078821727445        286.13189734534978        1399.4058219490439     
   1553.7434528355075        162.50308404101222        161.19078821727445        1857.2839109054019        3289.6080088348290        16268.669742230381     
   2747.2342386986224        289.92164985440922        286.13189734534978        3289.6080088348290        5839.4266291545755        28559.303235669122     
   14024.873771569361        1325.7939752140007        1399.4058219490439        16268.669742230381        28559.303235669122        164649.31796549752     
