   377.57425960382716        60.888312788956888        50.991155378919842        500.53021181348788        1040.6358512753989        3008.6583392842058     
   60.888312788956888        10.264298797575149        8.4897019271243117        82.875294439599244        173.25922753379567        467.93332745952887     
   50.991155378919842        8.4897019271243117        7.0492257313713900        68.890821115983599        143.86175338224911        396.68122744326934     
   500.53021181348788        82.875294439599244        68.890821115983599        677.03682450649740        1405.9351615854962        3903.5837779617891     
   1040.6358512753989        173.25922753379567        143.86175338224911        1405.9351615854962        2935.9542274423279        8095.5354656672844     
   3008.6583392842058        467.93332745952887        396.68122744326934        3903.5837779617891        8095.5354656672844        24851.213176863330     
