   1193.6246197589851        124.89488790635558        123.79606453406210        1422.9695097287465        2526.4503626879159        12552.306922840300     
   124.89488790635558        13.988353224342886        13.328084730475588        151.99913087780061        272.00173630705666        1214.8921401119376     
   123.79606453406210        13.328084730475588        12.993794932529029        148.84796442235736        265.17949535421462        1263.7083185208201     
   1422.9695097287465        151.99913087780061        148.84796442235736        1708.5129714772879        3037.7136390854480        14626.934336726445     
   2526.4503626879159        272.00173630705666        265.17949535421462        3037.7136390854480        5411.8265773361154        25789.966358584865     
   12552.306922840300        1214.8921401119376        1263.7083185208201        14626.934336726445        25789.966358584865        146083.53667590782     
