   38.415626471515807        4.7298746274431904        4.3028389968261740        46.927926993831854        87.813043048134219        354.99686520413843     
   4.7298746274431904       0.60589171657986785       0.54014735805524028        5.8749846341481469        11.023415758811144        41.796254377388202     
   4.3028389968261740       0.54014735805524028       0.48654943229582759        5.2990030149244172        9.9295805106241559        38.947790814815967     
   46.927926993831854        5.8749846341481469        5.2990030149244172        57.826904083375823        108.14292150019503        425.63789037534076     
   87.813043048134219        11.023415758811144        9.9295805106241559        108.14292150019503        202.64450551659311        794.85289455958866     
   354.99686520413843        41.796254377388202        38.947790814815967        425.63789037534076        794.85289455958866        3469.3120299818747     
