   876.58744458848355        135.58380273367104        114.60905129151890        1157.9940999730159        2338.9602916101267        7130.2285926522727     
   135.58380273367104        22.110854454022725        18.384862955573642        184.22186888618799        375.20129462028672        1054.0395038833967     
   114.60905129151890        18.384862955573642        15.372715508829510        154.36054300630232        313.72889614026627        906.12683603507708     
   1157.9940999730159        184.22186888618799        154.36054300630232        1558.3337397157991        3150.2152457816883        9198.1714719134361     
   2338.9602916101267        375.20129462028672        313.72889614026627        3150.2152457816883        6402.6307009231959        18492.384892511549     
   7130.2285926522727        1054.0395038833967        906.12683603507708        9198.1714719134361        18492.384892511549        60785.076600255037     
