   1930.7848639556350        237.73065914203224        216.26530302503716        2358.4721147992705        4413.5777281844166        17842.477999428840     
   237.73065914203224        30.452507069597683        27.148482101833505        295.26512255266999        554.05066962957881        2100.8738977402727     
   216.26530302503716        27.148482101833505        24.454608509626109        266.31630952574233        499.07365610589648        1957.6216700619307     
   2358.4721147992705        295.26512255266999        266.31630952574233        2906.0514242787867        5435.0268671577251        21391.899179656659     
   4413.5777281844166        554.05066962957881        499.07365610589648        5435.0268671577251        10185.176921595907        39951.463699178079     
   17842.477999428840        2100.8738977402727        1957.6216700619307        21391.899179656659        39951.463699178079        174359.30538278521     
